23
0
21
29
30
37
44
39
46
53
49
38
41
29
27
30
29
30
35
48
35
42
37
41
44
60
41
44
28
28
25
31
23
27
12
0
55
0
45
20
31
33
38
31
39
32
29
4
0
0
34
20
23
19
23
21
21
0
0
0
45
58
95
0
35
28
73
76
8
8
4
0
35
0
4
15
4
4
6
73
8
23
44
10
12
32
35
70
110
44
60
19
55
12
0
44
53
36
37
39
12
12
32
35
70
101
44
50
19
51
12
8
0
8
19
8
8
10
33
51
19
25
103
60
91
91
16
12
8
4
0
0
43
36
43
0
61
35
76
82
0
64
60
0
62
65
0
78
80
80
0
61
60
56
60
0
58
66
0
4
15
4
4
34
6
78
49
14
16
131
44
18
20
31
20
20
49
22
24
68
43
64
60
24
24
177
62
69
24
0
73
28
65
93
118
30
32
59
60
61
34
36
114
55
74
36
93
32
28
0
28
54
66
58
30
32
108
36
43
44
32
32
78
36
93
40
46
48
36
36
32
28
24
20
16
12
0
48
14
16
103
45
78
18
20
31
20
20
51
22
100
155
0
107
49
28
39
28
28
28
28
38
28
28
28
28
28
28
28
28
28
28
47
30
32
43
32
32
32
51
34
36
77
56
73
59
36
32
28
0
75
189
179
79
0
50
114
108
107
40
28
0
53
77
32
43
32
54
32
53
32
32
32
51
34
36
49
45
49
59
36
32
28
24
0
50
0
42
24
57
68
48
33
24
62
24
0
49
0
52
24
35
24
24
58
72
74
92
75
24
24
50
26
28
69
52
56
53
132
59
32
50
28
28
37
47
69
78
80
98
81
28
28
24
0
50
0
37
87
0
50
0
64
107
127
126
124
20
16
12
0
54
51
18
20
107
48
22
24
35
24
24
55
26
28
58
47
68
65
63
28
0
70
28
39
28
28
58
30
62
77
36
47
36
133
36
36
107
36
36
38
83
40
40
54
40
40
40
102
36
36
55
38
74
44
72
59
113
67
44
203
40
36
32
28
24
20
0
66
22
24
111
52
26
28
55
58
30
32
53
107
70
32
0
32
45
54
60
40
78
91
32
0
32
46
55
61
40
70
93
57
32
0
32
46
55
60
40
70
93
57
32
0
32
36
67
92
43
47
116
63
60
61
60
40
40
40
58
40
92
40
48
106
36
32
32
43
32
32
32
60
34
56
88
43
88
36
32
28
24
0
68
26
28
115
56
30
32
43
32
32
60
61
34
61
133
117
36
36
69
120
64
86
38
64
36
32
28
0
69
30
32
119
60
34
65
127
107
66
0
40
67
69
42
136
94
48
52
100
52
97
110
48
48
87
132
48
142
59
48
48
50
175
48
44
40
36
32
0
69
34
36
123
64
38
40
67
69
42
132
0
44
72
90
76
48
55
44
44
0
44
74
96
73
48
55
44
44
0
44
76
90
68
48
55
44
44
0
44
74
93
75
48
55
44
44
40
36
32
0
104
73
109
126
58
42
70
44
82
125
73
55
44
44
44
46
98
72
48
179
66
48
44
40
36
32
0
103
71
38
40
44
44
105
40
40
140
69
51
40
40
40
42
97
68
95
40
36
32
28
0
63
56
32
71
76
36
120
180
174
36
32
36
36
322
75
81
36
32
36
36
40
48
73
53
56
134
118
0
106
78
59
55
118
48
44
40
40
123
88
42
131
40
36
40
40
79
88
42
137
40
36
36
0
0
59
40
74
110
44
77
48
146
57
61
48
48
72
81
80
82
56
59
48
48
48
48
68
77
76
82
56
59
48
48
48
48
72
81
84
82
56
59
48
48
48
44
40
44
44
48
93
85
93
0
100
98
70
69
117
93
0
129
117
76
118
82
126
89
110
48
50
52
52
52
56
100
64
61
61
61
117
52
52
56
108
52
52
0
0
52
97
54
56
52
52
56
56
60
68
65
65
65
56
58
60
56
52
52
0
0
0
52
76
60
60
61
70
54
56
67
56
65
86
83
58
85
148
102
60
60
71
79
92
60
56
52
0
52
156
56
67
56
65
86
86
58
60
68
68
97
83
60
62
132
116
60
56
52
0
100
106
0
95
97
95
52
52
117
87
103
109
111
107
0
180
0
82
120
116
0
106
147
146
139
136
149
150
151
0
72
118
133
112
112
0
84
60
77
124
62
156
68
92
95
134
68
64
60
0
60
71
60
60
60
62
82
118
105
203
180
168
76
0
140
89
124
84
111
170
86
88
115
118
115
90
117
128
189
111
128
192
182
104
100
96
178
230
92
0
124
119
96
100
100
100
100
104
104
145
104
104
104
192
100
100
104
152
100
100
96
96
154
98
224
96
0
122
108
164
100
104
147
152
136
140
119
119
119
119
104
173
104
104
124
141
139
104
183
100
100
160
102
248
100
96
92
88
84
80
76
0
110
76
190
102
78
159
238
231
0
141
150
0
139
86
196
151
88
159
174
96
147
100
111
108
96
96
92
88
84
0
84
117
165
148
116
86
149
84
0
140
88
122
168
240
92
92
96
104
162
181
96
96
183
199
103
92
92
173
145
94
115
92
88
88
92
145
88
88
84
80
76
72
68
0
109
105
192
183
0
110
76
194
104
78
124
234
109
84
111
111
86
117
163
0
90
167
216
88
107
192
169
88
84
80
76
0
140
89
84
111
170
86
117
92
119
120
121
94
128
225
124
148
96
96
100
106
122
114
107
96
96
119
98
247
96
92
0
117
156
0
92
103
100
92
101
117
94
96
160
105
115
132
96
92
88
84
80
76
72
0
68
110
72
83
72
72
102
74
191
0
112
76
192
104
78
160
246
0
136
135
0
84
104
113
130
92
140
84
84
103
112
143
139
84
0
84
88
148
169
95
177
137
112
134
112
111
117
100
92
92
132
152
97
97
88
84
84
168
142
86
146
84
80
76
0
76
90
99
113
84
102
76
0
76
96
105
141
84
102
76
76
163
102
78
159
189
201
109
0
116
212
216
84
116
208
195
84
185
116
205
208
211
84
80
76
76
80
126
121
122
118
115
121
122
122
80
80
80
111
101
144
80
153
76
76
87
76
76
78
141
76
0
0
72
114
109
194
193
0
124
80
107
109
82
84
95
84
84
93
84
115
86
157
179
141
84
84
95
84
84
93
84
115
86
159
181
141
84
84
95
84
84
93
84
115
86
158
180
141
84
80
0
104
149
207
84
87
148
97
92
119
204
94
125
100
127
128
129
102
152
104
193
113
117
104
100
158
125
212
0
125
102
215
222
100
96
92
88
84
80
76
0
0
0
0
145
125
80
119
153
84
117
170
0
88
112
121
124
114
88
0
88
112
121
144
114
88
84
80
84
84
88
115
119
118
88
88
88
108
152
145
88
96
148
84
86
100
84
80
84
142
80
80
76
0
0
119
116
119
76
120
133
133
131
0
138
125
127
0
111
0
80
91
80
80
110
82
193
210
0
84
111
113
86
113
121
145
198
92
117
125
146
207
96
92
0
118
0
92
119
120
121
94
143
96
130
178
98
185
124
127
96
92
0
156
104
100
127
204
102
133
187
142
205
108
133
146
133
223
104
100
96
92
0
116
96
131
137
100
132
104
117
126
139
130
104
104
119
128
147
130
104
100
96
100
100
104
167
167
111
186
125
140
128
130
123
116
108
108
145
116
113
113
169
104
100
102
113
100
96
100
154
96
96
92
88
0
131
112
131
88
88
153
123
145
145
0
160
0
129
156
92
0
119
164
158
135
92
0
149
148
141
147
0
147
0
210
0
120
125
180
104
140
143
170
104
100
96
0
96
107
96
96
96
98
128
157
141
224
0
112
224
114
195
213
120
143
152
165
128
146
120
0
201
141
124
128
203
200
153
162
150
148
137
139
137
141
183
128
128
163
205
124
124
147
190
126
151
124
0
146
124
128
203
200
153
162
150
148
137
139
137
141
198
128
128
163
197
124
124
147
208
126
158
124
120
116
112
0
138
206
0
139
181
239
116
119
180
128
154
124
151
159
177
124
126
128
155
158
155
130
134
197
223
224
132
132
143
132
181
157
134
205
132
128
124
120
116
112
108
0
104
142
141
239
217
151
126
128
116
112
0
178
140
181
251
116
119
180
128
124
151
210
126
157
211
225
136
140
140
173
183
136
136
159
138
260
136
132
157
170
157
232
128
124
120
116
112
108
0
104
159
141
218
219
0
176
125
120
147
206
122
124
151
154
151
126
130
162
211
210
128
0
128
132
132
162
132
154
132
219
128
128
195
155
130
239
156
171
128
124
120
116
112
108
104
100
96
0
119
100
134
137
104
136
108
121
130
143
134
108
108
125
134
158
134
108
108
121
130
152
134
108
104
100
104
104
108
143
166
115
130
144
129
132
136
131
112
112
151
120
117
180
108
104
106
115
104
100
104
157
100
100
0
0
0
143
135
143
100
100
165
157
157
155
0
137
150
140
104
0
153
0
218
0
132
133
195
116
148
151
182
116
112
108
0
108
119
108
108
108
110
136
146
187
153
239
0
154
193
260
128
131
192
140
136
163
222
138
169
223
237
236
218
148
144
169
182
169
248
140
136
132
128
124
120
0
116
159
153
230
0
146
193
189
128
131
192
140
136
163
240
138
169
223
222
241
144
169
182
140
136
132
128
124
120
0
116
173
142
189
268
124
127
146
124
155
135
124
124
126
233
0
130
212
157
166
163
171
176
163
163
175
161
172
167
132
128
124
120
116
112
108
104
0
0
104
155
108
135
136
137
110
184
208
108
104
